00000001000000000000000000000000
00000000101101010000010011110011
00000000100000000000000000000000
00000000010110101000001001111001
00000000010000000000000000000000
00000000001011010100000100111100
00000000001000000000000000000000
00000000000101101010000010011110
00000000000100000000000000000000
00000000000010110101000001001111
00000000000010000000000000000000
00000000000001011010100000100111
00000000000001000000000000000000
00000000000000101101010000010011
00000000000000100000000000000000
00000000000000010110101000001001
00000000000000010000000000000000
00000000000000001011010100000100
00000000000000001000000000000000
00000000000000000101101010000010
00000000000000000100000000000000
00000000000000000010110101000001
00000000000000000010000000000000
00000000000000000001011010100000
00000000000000000001000000000000
00000000000000000000101101010000
00000000000000000000100000000000
00000000000000000000010110101000
00000000000000000000010000000000
00000000000000000000001011010100
00000000000000000000001000000000
00000000000000000000000101101010
10000000000000000000000000000000
00000000010000100001100101010010
00000000010100001111010001001101
00000000101101010000010011110011
10000000000000000000000000000000
00000000000111001100110101100000
00000000000100001111110111000110
00000000000111011100001001100111
00000000000100000100100111110100
00000000000100101110110010001111
00000000000100100001101000011000
00000000000101101000101000011111
00000000000101001011001001000101
00000000001011001001000001011010
00000000000001011110111110010100
00000000000101100000100001110000
00000000000010001010110111100000
00000000000010100001001001111010
00000000000001011110010100010001
00000000000001000101110011100100
00000000000001001110001001100111
00000000000010011001001011101000
00000000000001010000010110000011
00000000000010001000011000011100
00000000000001011000110001010110
00000000000001001111010011001000
00000000000010000011100000111011
00000000000000011100110111010001
00000000000000110000111110010101
00000000000000010100010100100100
00000000000000010001100001010101
00000000000000011000100100110101
00000000000000010000010111010000
00000000000000010100000100011001
00000000000000010000001000010011
00000000000000010010110000111001
00000000000000100111111101111001
00000000000000011001111000111000
00000000000000010001011001101100
00000000000000010110010111100001
00000000000000010010100011000011
00000000000000010000110000110111
00000000000000101011100101011001
00000000000000100001000001011100
00000000000000000101000001010010
00000000000000000100010000101100
00000000000000000111010110011111
00000000000000000110011100001110
00000000000000000100100001110011
00000000000000000101010101000010
00000000000000000100010110111110
00000000000000001001000110100010
00000000000000000101001000100011
00000000000000000101010010101111
00000000000000000100110100001010
00000000000000000100011110110100
00000000000000001111001001001101
00000000000000000100000111111001
00000000000000000111000111100000
00000000000000000100110001101010
00000000000000000100101011101011
00000000000000010000111110110100
00000000000000000110001101001011
00000000000000000100111010000010
00000000000000001100111101101010
00000000000000001000011001011001
00000000000000000001100010010111
00000000000000000001100001010101
00000000000000000001000011111101
00000000000000000001101000011001
00000000000000000010010011100000
00000000000000000001000000010010
00000000000000000001101100011110
00000000000000000001100001000011
00000000000000000001010001001101
00000000000000000010001111000000
00000000000000000001010110000110
00000000000000000001010100001111
00000000000000000001000011000001
00000000000000000001100011011111
00000000000000000001001101111010
00000000000000000010100100001001
00000000000000000001000010100000
00000000000000000110010010111100
00000000000000000001010000111100
00000000000000000001001110111111
00000000000000000001011111011001
00000000000000000001000110110011
00000000000000000011010101000010
00000000000000000001100100010010
00000000000000000000010101010110
00000000000000000000010001001101
00000000000000000000010110101010
00000000000000000000100101101010
00000000000000000000100001101010
00000000000000000000010011011011
00000000000000000000100101100100
00000000000000000000011000000111
00000000000000000001110111100011
00000000000000000000010000000110
00000000000000000000010001011110
00000000000000000000010100110010
00000000000000000000010101100110
00000000000000000000010010101010
00000000000000000000011100111000
00000000000000000000010000010011
00000000000000000000010110101011
00000000000000000000011001001011
00000000000000000001000000101111
00000000000000000000100000100000
00000000000000000000010001001011
00000000000000000000010001010100
00000000000000000000010011010001
00000000000000000000011010100100
00000000000000000000010000101101
00000000000000000000011010111010
00000000000000000000010011110010
00000000000000000000100100001100
00000000000000000000110100110011
00000000000000000000000110011000
00000000000000000000001001100101
00000000000000000000000110101110
00000000000000000000000111110110
00000000000000000000000111101110
00000000000000000000000111010001
00000000000000000000000110111001
00000000000000000000000111001011
00000000000000000000001111111000
00000000000000000000001000001100
00000000000000000000001001010001
00000000000000000000001001001111
00000000000000000000000110001101
00000000000000000000001000011101
00000000000000000000000110110010
00000000000000000000000110010101
00000000000000000000000110000110
00000000000000000000000110010001
00000000000000000000001000000111
00000000000000000000000101111011
00000000000000000000000111011110
00000000000000000000001010111110
00000000000000000000000101111111
00000000000000000000000110010011
00000000000000000000000110001000
00000000000000000000010110011000
00000000000000000000001101110011
00000000000000000000001110110010
00000000000000000000001000111111
00000000000000000000010101110001
00000000000000000000000111110000
00000000000000000000001101010010
00000000000000000000001000110001
