00000001011111111111111011111110
00000001011100111111111111111110
00000000011111111111111111111111
00000000010110011111111111111111
00000000001111111111111111111111
00000000001011001111111111111111
00000000000111111111111111111111
00000000000101100111111111111111
00000000000011111111111111111111
00000000000010110011111111111111
00000000000001111111111111111111
00000000000001011001111111111111
00000000000000111111111111111111
00000000000000101100111111111111
00000000000000011111111111111111
00000000000000010110011111111111
00000000000000001111111111111111
00000000000000001011001111111111
00000000000000000111111111111111
00000000000000000101101000000000
00000000000000000100000000000000
00000000000000000010110100000001
00000000000000000010000000000010
00000000000000000001011010000100
00000000000000000001000000000110
00000000000000000000101101001011
00000000000000000000100000001110
00000000000000000000010110110111
00000000000000000000010000011110
00000000000000000000001011111110
00000000000000000000001000111110
00000000000000000000000101111110
10100000000000000011111111111101
00000000010001000110101000111110
00000000010100000000000111111111
00000001011100111111111111111110
10100000000000000011111111111101
00000000000111001110101011111010
00000000000100001111100101000101
00000000000111011011010110010011
00000000000100000101000100001011
00000000000100101100010101101111
00000000000100011110111110001111
00000000000101101000001011011011
00000000000101001000111001110111
00000000001011010001010111000001
00000000000001011110001100111010
00000000000101011111100001000001
00000000000010001010000101110111
00000000000010011111010000000010
00000000000001011101100100110100
00000000000001000101011001001010
00000000000001001101001110000100
00000000000010010111011111110011
00000000000001001111011010001101
00000000000010000111110110100101
00000000000001011000001011100111
00000000000001001110010101110001
00000000000010000011011001001110
00000000000000011100110001100001
00000000000000110000100011000101
00000000000000010100000101100010
00000000000000010001011010000111
00000000000000011000010110111111
00000000000000010000010110100100
00000000000000010011110101001000
00000000000000010000001000001101
00000000000000010010100011011001
00000000000000100111011111011010
00000000000000011001101011010100
00000000000000010001010011001110
00000000000000010110001110010110
00000000000000010010010110010110
00000000000000010000101110010110
00000000000000101011001110110001
00000000000000100000111110111111
00000000000000000100111101011110
00000000000000000100001111101010
00000000000000000111010101011110
00000000000000000110011000110011
00000000000000000100011111001001
00000000000000000101010001110101
00000000000000000100010101010100
00000000000000001001000000111101
00000000000000000101000100110111
00000000000000000101001111011011
00000000000000000100110000011111
00000000000000000100011100011011
00000000000000001111001000001110
00000000000000000100000111100111
00000000000000000111000101110001
00000000000000000100101110000100
00000000000000000100101000010110
00000000000000010000111011000000
00000000000000000110001001101011
00000000000000000100110110010000
00000000000000001100110110111010
00000000000000001000011000000011
00000000000000000001100001100100
00000000000000000001100000100010
00000000000000000001000011101111
00000000000000000001100111100111
00000000000000000010010010000001
00000000000000000001000000010101
00000000000000000001101011110110
00000000000000000001100000001110
00000000000000000001010000010110
00000000000000000010001101111000
00000000000000000001010101011000
00000000000000000001010011011011
00000000000000000001000010111111
00000000000000000001100010101101
00000000000000000001001101000001
00000000000000000010100010010101
00000000000000000001000010011011
00000000000000000110001111011011
00000000000000000001010000000101
00000000000000000001001110000010
00000000000000000001011110101000
00000000000000000001000110010011
00000000000000000011010011100011
00000000000000000001100011011010
00000000000000000000010101001011
00000000000000000000010001011100
00000000000000000000010110100101
00000000000000000000100101010110
00000000000000000000100001110010
00000000000000000000010011100111
00000000000000000000100101010111
00000000000000000000011000010001
00000000000000000001110111011010
00000000000000000000010000010011
00000000000000000000010001101001
00000000000000000000010100110110
00000000000000000000010101101100
00000000000000000000010010101110
00000000000000000000011101000011
00000000000000000000010000011001
00000000000000000000010110100111
00000000000000000000011001001110
00000000000000000001000000110100
00000000000000000000100000100001
00000000000000000000010001010110
00000000000000000000010001001111
00000000000000000000010011010000
00000000000000000000011010100000
00000000000000000000010001000010
00000000000000000000011010111000
00000000000000000000010011111110
00000000000000000000100100000101
00000000000000000000110100011111
00000000000000000000000111100100
00000000000000000000001010001100
00000000000000000000000110111101
00000000000000000000001000110011
00000000000000000000001000100111
00000000000000000000000111111011
00000000000000000000000111010010
00000000000000000000000111110001
00000000000000000000010000010100
00000000000000000000001000100011
00000000000000000000001001011100
00000000000000000000001001010110
00000000000000000000000111001110
00000000000000000000001001010101
00000000000000000000000111000100
00000000000000000000000111011110
00000000000000000000000111000000
00000000000000000000000111010111
00000000000000000000001000010101
00000000000000000000000110101001
00000000000000000000001000010000
00000000000000000000001011010111
00000000000000000000000110110000
00000000000000000000000111011100
00000000000000000000000111000100
00000000000000000000010110011010
00000000000000000000001101111011
00000000000000000000001111001000
00000000000000000000001001101101
00000000000000000000010101100111
00000000000000000000001000101001
00000000000000000000001101100101
00000000000000000000001001001010
