00000000000000000000000000000001
00000000000000000000000000000010
00000000000000000000000000000100
00000000000000000000000000001000
00000000000000000000000000010000
00000000000000000000000000100000
00000000000000000000000001000000
00000000000000000000000010000000
00000000000000000000000100000000
00000000000000000000001000000000
00000000000000000000010000000000
00000000000000000000100000000000
00000000000000000001000000000000
00000000000000000010000000000000
00000000000000000100000000000000
00000000000000001000000000000000
00000000000000010000000000000000
00000000000000100000000000000000
00000000000001000000000000000000
00000000000010000000000000000000
00000000000100000000000000000000
00000000001000000000000000000000
00000000010000000000000000000000
00000000100000000000000000000000
00000001000000000000000000000000
00000010000000000000000000000000
00000100000000000000000000000000
00001000000000000000000000000000
00010000000000000000000000000000
00100000000000000000000000000000
01000000000000000000000000000000
10000000000000000000000000000000
00000000000000000000000000000000
00000000000000000000000000001111
00000000000000000000000000001010
00000000000000000000000000000010
00000000000000000000000000000000
00000000000000000000000001001111
00000000000000000000000011100011
00000000000000000000000001001010
00000000000000000000000011110111
00000000000000000000000010110111
00000000000000000000000011001000
00000000000000000000000010000001
00000000000000000000000010011001
00000000000000000000000000100001
00000000000000000000011101000100
00000000000000000000000010000111
00000000000000000000001101100110
00000000000000000000001010000110
00000000000000000000011101011110
00000000000000000000110101110011
00000000000000000000101010111011
00000000000000000000001011001011
00000000000000000000101000100111
00000000000000000000001110000110
00000000000000000000100001010001
00000000000000000000101001101100
00000000000000000000001111001010
00000000000000000100111010101010
00000000000000000001101101010011
00000000000000001001111010110011
00000000000000001101010101111101
00000000000000000110110010000011
00000000000000001111010011000010
00000000000000001010001010111000
00000000000000001111101111100101
00000000000000001011101000100010
00000000000000000010100100000111
00000000000000000110000111001000
00000000000000001101100001101100
00000000000000001000001011111110
00000000000000001011111010000000
00000000000000001110100100110101
00000000000000000010001010000000
00000000000000000011110000011001
00000000000010100010100001010110
00000000000011100001100111000100
00000000000001001011110010100000
00000000000001100010101110111100
00000000000011000111110001001010
00000000000010010000001111111111
00000000000011010111100100101111
00000000000000110001011100000110
00000000000010011011011011001010
00000000000010010010001101010110
00000000000010110000101010001100
00000000000011001011111100011011
00000000000000010001110111000010
00000000000011110000111001010110
00000000000001010000110111000101
00000000000010110011100100010101
00000000000010111010110100001001
00000000000000001110001101000011
00000000000001101010010110011000
00000000000010101010000111001011
00000000000000011000010111111011
00000000000000111010000101111101
00000000011011000101101111101101
00000000011011101010111100000010
00000000111000110000001101000110
00000000011000000011010001011010
00000000001100000011001000000000
00000000111111011100000111000110
00000000010110010001110110001111
00000000011011110101010010000000
00000000100111101111110111011111
00000000001100110100010111100101
00000000100011010110111001000100
00000000100100111011101001111111
00000000111010010111000110100001
00000000011010011110101010001111
00000000101011001011111001111110
00000000001001101110101011010000
00000000111011010000000110010101
00000000000001100111010101001000
00000000101000000000111000100110
00000000101010000000110000100001
00000000011100110011010001100011
00000000110100010010101111101000
00000000000101110001101001110111
00000000011010000100001000101001
00001000111111000110010011111101
00001101110100101100011110000000
00000111111110010010010101101100
00000010111000110000101010010101
00000011100111010110100101001011
00001010110110101010101101100111
00000010111001101010110000010010
00000111000010011100010100111000
00000000010010010101101001101001
00001111110010011010111101011000
00001101011010011111100110010010
00001001011110011000110001101001
00001000110001110111000100011110
00001011110000110001011100100001
00000100111010001110000011101010
00001111011001100110111011111101
00000111111101100101110100000110
00000110011101100100111100101110
00000000111110100010100101111101
00000011110111111100111010100111
00001101111000000011100110111101
00001101101001101110011111111011
00001011000001101011100101110111
00000101110011010011101101010010
00001110101011010101110101000100
00000101101001101100011110011101
00001010011101010100011101110011
00000011001000001001000110100111
00000001011101111111001110000101
01100100100011000110000111101010
00101100100010001101001111010000
01011010011101000101100010000010
01000010010111110010100101101010
01000100100000011111100100111100
01001101010101110110001100010111
01010101111111001001001010110101
01001111010111001010010010100011
00010000001111100000111100101010
00111101000001100101011111101110
00101111101001011111111100001100
00110000000001111011111010000010
01101010011100000101000110000000
00111001000111111000101101110110
01011000110011110010111110100001
01100110001100110110100010100010
01101110000010000110110001100000
01101000001101011001111010011110
00111110001010011100010110101000
01110100011111101011101110001110
01001001001011111100100000011011
00100010000010011001010001010000
01110010010111101111010101001100
01100110110101101011000000010111
01101101000100000100110111000111
00001000001011000011000010011110
00010101100001000000110101011011
00010010101101110001010101100101
00110010101000010111100000010010
00001000101001001001111100000010
01000100001011110000100011101010
00010111001011011101100111111100
00110101001011010111001011010011
